0.000001
0.000354
0.000434
0.000226
0.000777
0.001758
0.003379
0.005271
0.006273
0.006800
0.006759
0.006558
0.007512
0.008319
0.009487
0.010440
0.011817
0.012182
0.013201
0.013805
0.013849
0.014083
0.014035
0.014365
0.015404
0.015880
0.016445
0.016306
0.016992
0.016737
0.016101
0.015724
0.015765
0.015323
0.014711
0.015474
0.015553
0.014923
0.014305
0.012927
0.011427
0.010207
0.009332
0.009555
0.010178
0.009102
0.008101
0.007148
0.006215
0.005893
0.005540
0.004674
0.004521
0.004153
0.003992
0.003278
0.003167
0.002804
0.002621
0.002587
0.002676
0.002388
0.002066
0.001681
0.001870
0.001369
0.001103
0.000180
-0.000174
-0.000659
-0.000812
-0.000654
-0.000987
-0.001346
-0.001848
-0.001824
-0.001386
-0.001737
-0.001707
-0.001406
-0.002041
-0.002331
-0.002085
-0.002210
-0.002314
-0.002303
-0.001682
-0.001154
-0.000820
-0.001181
-0.002136
-0.003082
-0.002717
-0.001437
-0.000435
-0.001096
-0.001317
-0.001188
-0.001095
-0.001025
-0.000470
0.000485
0.000379
0.000414
0.001292
0.001662
0.001647
0.001950
0.002110
0.001861
0.002194
0.002459
0.002874
0.003653
0.003970
0.004330
0.004386
0.004172
0.004741
0.005006
0.005920
0.006588
0.007047
0.007781
0.007738
0.007944
0.007982
0.007707
0.008034
0.008283
0.008918
0.008751
0.008854
0.008737
0.008514
0.008297
0.008528
0.008221
0.008569
0.008837
0.009786
0.010687
0.011472
0.011913
0.012512
0.012630
0.013004
0.012832
0.012683
0.011752
0.011803
0.011303
0.010404
0.010299
0.010658
0.011553
0.011839
0.012150
0.011733
0.011148
0.010387
0.009284
0.008196
0.007688
0.007155
0.007600
0.006777
0.006037
0.004907
0.003704
0.002432
0.001429
0.000676
-0.000166
-0.000405
0.000065
