-0.000775
-0.000479
-0.003087
-0.005685
-0.005229
-0.005604
-0.007175
-0.008232
-0.010301
-0.011176
-0.010704
-0.011020
-0.011479
-0.013974
-0.028857
-0.022392
-0.026860
-0.039779
-0.043621
-0.053310
-0.063217
-0.072301
-0.081094
-0.093835
-0.0104149
-0.0113629
-0.0122828
-0.086752
-0.0100244
-0.0139334
-0.0140640
-0.0139668
-0.0143206
-0.0131028
-0.0175845
-0.096864
-0.096342
-0.0109429
-0.0228450
-0.099083
-0.002636
-0.085411
-0.081431
-0.044268
-0.000700
