0.000001
0.000154
0.000334
0.000325
0.000973
0.001854
0.003570
0.005083
0.006273
0.006800
0.006578
0.006736
0.007688
0.008405
0.009487
0.010355
0.011733
0.012264
0.013448
0.013887
0.013768
0.014164
0.014438
0.014686
0.015484
0.015559
0.016365
0.016547
0.017393
0.017462
0.016747
0.015886
0.015603
0.015242
0.014793
0.014816
0.014727
0.014342
0.013805
0.013010
0.012017
0.010885
0.009844
0.010240
0.010092
0.009449
0.008188
0.007148
0.006303
0.006071
0.005807
0.005033
0.004881
0.004425
0.004174
0.003461
0.003351
0.003174
0.003085
0.003054
0.002770
0.002576
0.002160
0.001776
0.001775
0.001274
0.001103
0.000469
-0.000078
-0.000562
-0.000715
-0.000556
-0.000889
-0.001346
-0.001553
-0.001429
-0.001090
-0.001341
-0.001409
-0.001307
-0.001742
-0.002331
-0.002285
-0.002310
-0.002414
-0.002303
-0.001882
-0.001054
-0.000720
-0.001181
-0.002436
-0.003082
-0.002717
-0.000839
0.000063
-0.000797
-0.001118
-0.001088
-0.001095
-0.001025
-0.000667
0.000288
-0.000014
0.000120
0.001097
0.001370
0.001356
0.001757
0.001916
0.001765
0.002003
0.002268
0.002588
0.003464
0.004065
0.004518
0.004667
0.004638
0.005112
0.005283
0.006103
0.006954
0.007410
0.008052
0.008007
0.008302
0.007982
0.007796
0.007858
0.008283
0.009179
0.009097
0.009284
0.009165
0.008684
0.008297
0.008612
0.008221
0.008486
0.008671
0.009951
0.011015
0.011635
0.011994
0.012593
0.012872
0.013568
0.013476
0.013406
0.012635
0.012525
0.011784
0.010725
0.010540
0.010496
0.010661
0.010862
0.011904
0.011486
0.010898
0.010219
0.009369
0.008281
0.007862
0.007507
0.007689
0.006959
0.006405
0.005094
0.003893
0.002528
0.001429
0.000676
0.000032
-0.000206
0.000565
