-0.000775
-0.000479
-0.003087
-0.005685
-0.005229
-0.005604
-0.007175
-0.008232
-0.010301
-0.011176
-0.010704
-0.01102
-0.011479
-0.013974
-0.028857
-0.022392
-0.02686
-0.039779
-0.043621
-0.05331
-0.063217
-0.072301
-0.081094
-0.093835
-0.104149
-0.113629
-0.122828
-0.139334
-0.14064
-0.139668
-0.143206
-0.131028
-0.175845
-0.096864
-0.096342
-0.109429
-0.085411
-0.081431
-0.044268
-0.0007
-0.000964
-0.002252
-0.002276
-0.00333
-0.00379
-0.003259
-0.00318
-0.003315
-0.00315
-0.00228
-0.001793
-0.001608
-0.002475
-0.003227
-0.003808
-0.007219
-0.00784
-0.004727
