-0.000775
-0.000479
-0.003087
-0.005685
-0.005229
-0.005604
-0.007175
-0.008232
-0.010301
-0.011176
-0.010704
-0.011020
-0.011479
-0.013974
-0.028857
-0.022392
-0.026860
-0.039779
-0.043621
-0.053310
-0.063217
-0.072301
-0.081094
-0.093835
-0.104149
-0.113629
-0.122828
-0.086752
-0.100244
-0.139334
-0.140640
-0.139668
-0.143206
-0.131028
-0.175845
-0.096864
-0.096342
-0.109429
-0.228450
-0.099083
-0.002636
-0.085411
-0.081431
-0.393436
-0.044268
-0.000700
-0.200566
-0.342952
-0.154222
-0.212253
-0.273502
-0.337688
-0.406271
-0.481376
-0.546143
-0.002279
-0.000964
-0.002252
-0.002276
-0.003330
-0.003790
-0.003259
-0.003180
-0.003315
-0.003150
-0.002280
-0.001793
-0.001608
-0.002475
-0.003227
-0.003808
-0.007219
-0.007840
-0.004727