0.000001
0.000529
0.000611
0.000846
0.001328
0.002048
0.003090
0.003963
0.004949
0.006035
0.006758
0.007568
0.008716
0.009134
0.010466
0.011394
0.011996
0.012765
0.012270
0.012652
0.012398
0.012795
0.013159
0.014031
0.014086
0.014590
0.015030
0.014807
0.014940
0.015478
0.014927
0.013978
0.013082
0.013350
0.013112
0.013317
0.013768
0.013428
0.012163
0.011102
0.010292
0.009612
0.008768
0.008406
0.008407
0.008476
0.007348
0.005844
0.005243
0.005166
0.004775
0.004924
0.004949
0.003719
0.003276
0.003226
0.002890
0.001948
0.001751
0.001899
0.002453
0.002346
0.001724
0.001307
0.001447
0.001159
0.000984
0.000990
-0.000012
-0.000411
-0.000518
-0.000163
-0.000541
-0.001191
-0.001252
-0.000937
-0.000560
-0.000240
-0.000389
-0.000629
-0.001073
-0.001037
-0.000830
-0.001360
-0.001637
-0.001369
-0.000958
-0.000608
-0.000023
-0.000202
-0.000744
-0.001646
-0.001704
-0.000616
0.000328
0.000338
-0.000272
-0.000199
-0.000026
-0.000234
-0.000015
0.000941
0.000977
0.001199
0.001820
0.002179
0.002106
0.002503
0.002522
0.001905
0.001838
0.001869
0.002407
0.002528
0.003026
0.003835
0.003861
0.003333
0.003040
0.003938
0.004390
0.005264
0.005316
0.005594
0.006221
0.006335
0.006071
0.006008
0.006094
0.006190
0.006336
0.005789
0.005895
0.005739
0.004937
0.004644
0.003706
0.004191
0.003941
0.004420
0.004245
0.004950
0.005081
0.005171
0.005993
0.005947
0.006051
0.006824
0.006516
0.006621
0.006524
0.006255
0.005765
0.005325
0.004800
0.004952
0.005242
0.005618
0.006108
0.006991
0.006446
0.006161
0.005472
0.004472
0.003870
0.003160
0.002896
0.003202
0.002801
0.002146
0.001328
0.000833
0.000382
-0.000020
-0.000270
-0.000165
