0.000001
0.000728
0.001307
0.001636
0.002209
0.003017
0.003951
0.004813
0.005693
0.006586
0.007119
0.007568
0.008804
0.009308
0.010724
0.011733
0.012417
0.013182
0.012684
0.012981
0.012562
0.012876
0.013240
0.014192
0.014328
0.015075
0.015595
0.015211
0.015263
0.015721
0.015252
0.014386
0.013409
0.013514
0.013195
0.013235
0.013602
0.013928
0.012834
0.011776
0.010885
0.010123
0.009367
0.008922
0.008753
0.008911
0.007698
0.006108
0.005509
0.005344
0.005132
0.005283
0.005221
0.004083
0.003642
0.003593
0.003258
0.002226
0.002123
0.002366
0.002923
0.002724
0.001913
0.001688
0.001733
0.001638
0.001369
0.001087
0.000472
0.000075
-0.000129
0.000130
-0.000247
-0.000602
-0.000760
-0.000542
-0.000165
0.000156
0.000206
-0.000231
-0.000675
-0.000638
-0.000332
-0.000861
-0.001138
-0.000969
-0.000458
-0.000209
0.000277
0.000098
-0.000444
-0.001246
-0.001305
-0.000217
0.000826
0.000637
0.000125
0.000298
0.000272
-0.000036
0.000281
0.001336
0.001174
0.001395
0.002114
0.002276
0.002301
0.002697
0.002812
0.002386
0.002030
0.002060
0.002597
0.002718
0.003215
0.004024
0.003955
0.003520
0.003318
0.004123
0.004574
0.005448
0.005499
0.005594
0.006131
0.006424
0.006071
0.006008
0.006182
0.006278
0.006336
0.005789
0.005895
0.005825
0.005022
0.004814
0.004044
0.004444
0.004360
0.004836
0.004494
0.005033
0.005492
0.005744
0.006564
0.006517
0.006457
0.006986
0.006516
0.006621
0.006443
0.006174
0.005846
0.005568
0.005125
0.005360
0.005570
0.005783
0.006025
0.006991
0.006784
0.006417
0.005645
0.004559
0.003870
0.002981
0.002624
0.002649
0.002801
0.002241
0.001424
0.001028
0.000481
0.000178
0.000029
0.000135
